  
 Block Covariance:        9.000000000000000
  
 Estimating node index :           1           1           1
    r( 1) = 2.2222  a=  9.0000 2.4737  .8955  .1902  .4167  .0291  .0000  .0000  .0000  .0000
    r( 2) =  .5090  a=  2.4737 9.0000  .9904  .9348 2.6853  .0947  .0095  .0000  .0000  .0757
    r( 3) =  .0000  a=   .8955  .9904 9.0000 2.9939  .5403 3.4843 2.1857 2.0003 1.4011  .4603
    r( 4) =  .0000  a=   .1902  .9348 2.9939 9.0000 1.4243 2.7725 3.0035 1.9124 1.4403 2.3175
    r( 5) =  .0000  a=   .4167 2.6853  .5403 1.4243 9.0000  .0735  .0983  .0000  .0000 1.0553
    r( 6) =  .0000  a=   .0291  .0947 3.4843 2.7725  .0735 9.0000 4.1887 4.8753 3.4843  .6757
    r( 7) =  .0000  a=   .0000  .0095 2.1857 3.0035  .0983 4.1887 9.0000 4.4482 3.8258 1.5271
    r( 8) =  .0000  a=   .0000  .0000 2.0003 1.9124  .0000 4.8753 4.4482 9.0000 6.7233  .5688
    r( 9) =  .0000  a=   .0000  .0000 1.4011 1.4403  .0000 3.4843 3.8258 6.7233 9.0000  .4531
    r(10) =  .0000  a=   .0000  .0757  .4603 2.3175 1.0553  .6757 1.5271  .5688  .4531 9.0000
        
 BLOCK:           1           1           1 at    1.000000E-01    1.000000E-01
    0.000000E+00
        
   BLOCK EST: x,y,z,vr,wt 
      11.000       8.000        .000        .000        .252
       8.000      30.000        .000        .000       -.007
      31.000      11.000        .000        .287       -.029
      29.000      29.000        .000        .781        .003
       9.000      48.000        .000       2.244       -.008
      40.000      11.000        .000        .994        .008
      41.000      21.000        .000       1.159        .002
      46.000      11.000        .000       5.123        .001
      49.000      11.000        .000       6.533       -.001
      28.000      51.000        .000       2.921        .001
   estimate, variance         1.778917        8.443586
 Estimating node index :           2           1           1
    r( 1) = 4.9251  a=  9.0000 2.4737  .8955  .0291  .1902  .0000  .0000  .4167  .0000  .0000
    r( 2) = 1.3786  a=  2.4737 9.0000  .9904  .0947  .9348  .0095  .0000 2.6853  .0000  .0000
    r( 3) =  .3786  a=   .8955  .9904 9.0000 3.4843 2.9939 2.1857 2.0003  .5403 1.4011  .6805
    r( 4) =  .0000  a=   .0291  .0947 3.4843 9.0000 2.7725 4.1887 4.8753  .0735 3.4843 2.2917
    r( 5) =  .0000  a=   .1902  .9348 2.9939 2.7725 9.0000 3.0035 1.9124 1.4243 1.4403 1.0968
    r( 6) =  .0000  a=   .0000  .0095 2.1857 4.1887 3.0035 9.0000 4.4482  .0983 3.8258 3.3651
    r( 7) =  .0000  a=   .0000  .0000 2.0003 4.8753 1.9124 4.4482 9.0000  .0000 6.7233 3.8147
    r( 8) =  .0286  a=   .4167 2.6853  .5403  .0735 1.4243  .0983  .0000 9.0000  .0000  .0000
    r( 9) =  .0000  a=   .0000  .0000 1.4011 3.4843 1.4403 3.8258 6.7233  .0000 9.0000 4.9150
    r(10) =  .0000  a=   .0000  .0000  .6805 2.2917 1.0968 3.3651 3.8147  .0000 4.9150 9.0000
        
 BLOCK:           2           1           1 at       10.100000    1.000000E-01
    0.000000E+00
        
   BLOCK EST: x,y,z,vr,wt 
      11.000       8.000        .000        .000        .546
       8.000      30.000        .000        .000        .012
      31.000      11.000        .000        .287       -.012
      40.000      11.000        .000        .994        .003
      29.000      29.000        .000        .781       -.007
      41.000      21.000        .000       1.159        .004
      46.000      11.000        .000       5.123        .001
       9.000      48.000        .000       2.244       -.024
      49.000      11.000        .000       6.533        .000
      51.000      18.000        .000       2.336       -.001
   estimate, variance         1.046649        6.297625
 Estimating node index :           3           1           1
    r( 1) = 3.6832  a=  9.0000  .8955  .0291 2.4737  .1902  .0000  .0000  .0000  .0000  .0000
    r( 2) = 1.9127  a=   .8955 9.0000 3.4843  .9904 2.9939 2.0003 2.1857 1.4011  .6430  .6805
    r( 3) =  .4871  a=   .0291 3.4843 9.0000  .0947 2.7725 4.8753 4.1887 3.4843 2.2805 2.2917
    r( 4) = 1.5732  a=  2.4737  .9904  .0947 9.0000  .9348  .0000  .0095  .0000  .0000  .0000
    r( 5) =  .4951  a=   .1902 2.9939 2.7725  .9348 9.0000 1.9124 3.0035 1.4403  .7284 1.0968
    r( 6) =  .0342  a=   .0000 2.0003 4.8753  .0000 1.9124 9.0000 4.4482 6.7233 3.9873 3.8147
    r( 7) =  .0422  a=   .0000 2.1857 4.1887  .0095 3.0035 4.4482 9.0000 3.8258 2.7858 3.3651
    r( 8) =  .0000  a=   .0000 1.4011 3.4843  .0000 1.4403 6.7233 3.8258 9.0000 5.5758 4.9150
    r( 9) =  .0000  a=   .0000  .6430 2.2805  .0000  .7284 3.9873 2.7858 5.5758 9.0000 5.2802
    r(10) =  .0000  a=   .0000  .6805 2.2917  .0000 1.0968 3.8147 3.3651 4.9150 5.2802 9.0000
        
 BLOCK:           3           1           1 at       20.100000    1.000000E-01
    0.000000E+00
        
   BLOCK EST: x,y,z,vr,wt 
      11.000       8.000        .000        .000        .377
      31.000      11.000        .000        .287        .180
      40.000      11.000        .000        .994        .013
       8.000      30.000        .000        .000        .052
      29.000      29.000        .000        .781       -.006
      46.000      11.000        .000       5.123       -.028
      41.000      21.000        .000       1.159       -.031
      49.000      11.000        .000       6.533       -.005
      54.000      10.000        .000       6.379        .005
      51.000      18.000        .000       2.336        .007
   estimate, variance     9.019835E-01        7.183841
 Estimating node index :           4           1           1
    r( 1) = 3.9518  a=  9.0000 3.4843  .8955 2.0003 2.1857 1.4011 2.9939  .6430  .6805  .9904
    r( 2) = 2.1071  a=  3.4843 9.0000  .0291 4.8753 4.1887 3.4843 2.7725 2.2805 2.2917  .0947
    r( 3) = 1.5289  a=   .8955  .0291 9.0000  .0000  .0000  .0000  .1902  .0000  .0000 2.4737
    r( 4) = 1.0326  a=  2.0003 4.8753  .0000 9.0000 4.4482 6.7233 1.9124 3.9874 3.8147  .0000
    r( 5) =  .9264  a=  2.1857 4.1887  .0000 4.4482 9.0000 3.8258 3.0035 2.7858 3.3651  .0095
    r( 6) =  .6074  a=  1.4011 3.4843  .0000 6.7233 3.8258 9.0000 1.4403 5.5758 4.9150  .0000
    r( 7) = 1.4224  a=  2.9939 2.7725  .1902 1.9124 3.0035 1.4403 9.0000  .7284 1.0968  .9348
    r( 8) =  .1574  a=   .6430 2.2805  .0000 3.9874 2.7858 5.5758  .7284 9.0000 5.2802  .0000
    r( 9) =  .1135  a=   .6805 2.2917  .0000 3.8147 3.3651 4.9150 1.0968 5.2802 9.0000  .0000
    r(10) =  .8352  a=   .9904  .0947 2.4737  .0000  .0095  .0000  .9348  .0000  .0000 9.0000
        
 BLOCK:           4           1           1 at       30.100000    1.000000E-01
    0.000000E+00
        
   BLOCK EST: x,y,z,vr,wt 
      31.000      11.000        .000        .287        .393
      40.000      11.000        .000        .994        .102
      11.000       8.000        .000        .000        .127
      46.000      11.000        .000       5.123        .004
      41.000      21.000        .000       1.159       -.029
      49.000      11.000        .000       6.533       -.003
      29.000      29.000        .000        .781        .005
      54.000      10.000        .000       6.379       -.013
      51.000      18.000        .000       2.336       -.025
       8.000      30.000        .000        .000        .013
   estimate, variance         1.025370        7.048374
 Estimating node index :           5           1           1
    r( 1) = 4.1343  a=  9.0000 3.4843 4.8753 3.4843 4.1887 2.2805 2.2917 1.1885 2.7725 1.4831
    r( 2) = 3.5373  a=  3.4843 9.0000 2.0003 1.4011 2.1857  .6430  .6805  .1097 2.9939  .3230
    r( 3) = 2.9087  a=  4.8753 2.0003 9.0000 6.7233 4.4482 3.9874 3.8147 2.3926 1.9124 2.4139
    r( 4) = 2.3052  a=  3.4843 1.4011 6.7233 9.0000 3.8258 5.5758 4.9150 3.0936 1.4403 2.8039
    r( 5) = 2.2762  a=  4.1887 2.1857 4.4482 3.8258 9.0000 2.7858 3.3651 1.6315 3.0035 2.8351
    r( 6) = 1.4492  a=  2.2805  .6430 3.9874 5.5758 2.7858 9.0000 5.2802 5.0735  .7284 2.9847
    r( 7) = 1.2037  a=  2.2917  .6805 3.8147 4.9150 3.3651 5.2802 9.0000 3.6055 1.0968 4.3238
    r( 8) =  .6453  a=  1.1885  .1097 2.3926 3.0936 1.6315 5.0735 3.6055 9.0000  .1578 2.5067
    r( 9) = 1.7061  a=  2.7725 2.9939 1.9124 1.4403 3.0035  .7284 1.0968  .1578 9.0000 1.0494
    r(10) =  .4951  a=  1.4831  .3230 2.4139 2.8039 2.8351 2.9847 4.3238 2.5067 1.0494 9.0000
        
 BLOCK:           5           1           1 at       40.100000    1.000000E-01
    0.000000E+00
        
   BLOCK EST: x,y,z,vr,wt 
      40.000      11.000        .000        .994        .310
      31.000      11.000        .000        .287        .253
      46.000      11.000        .000       5.123        .065
      49.000      11.000        .000       6.533        .053
      41.000      21.000        .000       1.159        .007
      54.000      10.000        .000       6.379        .028
      51.000      18.000        .000       2.336       -.017
      60.000       8.000        .000       5.501       -.007
      29.000      29.000        .000        .781       -.010
      49.000      29.000        .000        .964       -.039
   estimate, variance         1.948732        6.516859
 Estimating node index :           6           1           1
    r( 1) = 4.2743  a=  9.0000 6.7233 5.5758 3.4843 3.0936 4.9150 3.8258 1.4011 2.2943 2.8039
    r( 2) = 4.3373  a=  6.7233 9.0000 3.9874 4.8753 2.3926 3.8147 4.4482 2.0003 1.6955 2.4139
    r( 3) = 3.4931  a=  5.5758 3.9874 9.0000 2.2805 5.0735 5.2802 2.7858  .6430 3.2167 2.9847
    r( 4) = 3.3556  a=  3.4843 4.8753 2.2805 9.0000 1.1885 2.2917 4.1887 3.4843  .7041 1.4831
    r( 5) = 2.4340  a=  3.0936 2.3926 5.0735 1.1885 9.0000 3.6055 1.6315  .1097 3.9583 2.5067
    r( 6) = 2.7127  a=  4.9150 3.8147 5.2802 2.2917 3.6055 9.0000 3.3651  .6805 3.6244 4.3238
    r( 7) = 2.6524  a=  3.8258 4.4482 2.7858 4.1887 1.6315 3.3651 9.0000 2.1857 1.4552 2.8351
    r( 8) = 1.5929  a=  1.4011 2.0003  .6430 3.4843  .1097  .6805 2.1857 9.0000  .0042  .3230
    r( 9) = 1.2969  a=  2.2943 1.6955 3.2167  .7041 3.9583 3.6244 1.4552  .0042 9.0000 3.4298
    r(10) = 1.4224  a=  2.8039 2.4139 2.9847 1.4831 2.5067 4.3238 2.8351  .3230 3.4298 9.0000
        
 BLOCK:           6           1           1 at       50.100000    1.000000E-01
    0.000000E+00
        
   BLOCK EST: x,y,z,vr,wt 
      49.000      11.000        .000       6.533        .172
      46.000      11.000        .000       5.123        .199
      54.000      10.000        .000       6.379        .121
      40.000      11.000        .000        .994        .145
      60.000       8.000        .000       5.501        .087
      51.000      18.000        .000       2.336       -.002
      41.000      21.000        .000       1.159        .007
      31.000      11.000        .000        .287        .040
      59.000      20.000        .000        .144       -.018
      49.000      29.000        .000        .964       -.033
   estimate, variance         4.169062        6.274214
 Estimating node index :           7           1           1
    r( 1) = 5.1616  a=  9.0000 5.0735 3.0936 2.8355 2.3926 3.6055 3.9583 1.1885 1.8582 1.6315
    r( 2) = 4.2638  a=  5.0735 9.0000 5.5758 1.6485 3.9874 5.2802 3.2167 2.2805 1.0096 2.7858
    r( 3) = 3.1645  a=  3.0936 5.5758 9.0000  .8238 6.7233 4.9150 2.2943 3.4843  .4090 3.8258
    r( 4) = 2.1198  a=  2.8355 1.6485  .8238 9.0000  .4309 1.3933 2.9854  .0160 3.9583  .1679
    r( 5) = 2.5651  a=  2.3926 3.9874 6.7233  .4309 9.0000 3.8147 1.6955 4.8753  .1478 4.4482
    r( 6) = 2.9739  a=  3.6055 5.2802 4.9150 1.3933 3.8147 9.0000 3.6244 2.2917 1.0553 3.3651
    r( 7) = 2.6314  a=  3.9583 3.2167 2.2943 2.9854 1.6955 3.6244 9.0000  .7041 2.8355 1.4552
    r( 8) = 1.4140  a=  1.1885 2.2805 3.4843  .0160 4.8753 2.2917  .7041 9.0000  .0000 4.1887
    r( 9) = 1.0583  a=  1.8582 1.0096  .4090 3.9583  .1478 1.0553 2.8355  .0000 9.0000  .0653
    r(10) = 1.5100  a=  1.6315 2.7858 3.8258  .1679 4.4482 3.3651 1.4552 4.1887  .0653 9.0000
        
 BLOCK:           7           1           1 at       60.100000    1.000000E-01
    0.000000E+00
        
   BLOCK EST: x,y,z,vr,wt 
      60.000       8.000        .000       5.501        .429
      54.000      10.000        .000       6.379        .159
      49.000      11.000        .000       6.533        .062
      71.000       9.000        .000       4.458        .072
      46.000      11.000        .000       5.123        .050
      51.000      18.000        .000       2.336        .003
      59.000      20.000        .000        .144        .007
      40.000      11.000        .000        .994        .018
      70.000      21.000        .000        .581       -.027
      41.000      21.000        .000       1.159       -.022
   estimate, variance         4.915456        5.637333
 Estimating node index :           8           1           1
    r( 1) = 4.5673  a=  9.0000 2.8355 1.6485 3.9583 2.9854 2.6746  .8238 1.3933 2.5993 2.5063
    r( 2) = 3.4242  a=  2.8355 9.0000 5.0735 1.8582 3.9583  .6573 3.0936 3.6055 2.3615  .9048
    r( 3) = 2.1559  a=  1.6485 5.0735 9.0000 1.0096 3.2167  .1478 5.5758 5.2802 1.8314  .3643
    r( 4) = 2.3864  a=  3.9583 1.8582 1.0096 9.0000 2.8355 3.9874  .4090 1.0553 3.4467 4.8610
    r( 5) = 2.5987  a=  2.9854 3.9583 3.2167 2.8355 9.0000 1.2201 2.2943 3.6244 4.5086 1.8893
    r( 6) = 1.4421  a=  2.6746  .6573  .1478 3.9874 1.2201 9.0000  .0000  .1437 1.7649 4.1871
    r( 7) = 1.2424  a=   .8238 3.0936 5.5758  .4090 2.2943  .0000 9.0000 4.9150 1.1793  .0577
    r( 8) = 1.5824  a=  1.3933 3.6055 5.2802 1.0553 3.6244  .1437 4.9150 9.0000 2.2737  .4707
    r( 9) = 1.7305  a=  2.5993 2.3615 1.8314 3.4467 4.5086 1.7649 1.1793 2.2737 9.0000 2.9103
    r(10) = 1.2532  a=  2.5063  .9048  .3643 4.8610 1.8893 4.1871  .0577  .4707 2.9103 9.0000
        
 BLOCK:           8           1           1 at       70.100000    1.000000E-01
    0.000000E+00
        
   BLOCK EST: x,y,z,vr,wt 
      71.000       9.000        .000       4.458        .411
      60.000       8.000        .000       5.501        .213
      54.000      10.000        .000       6.379        .032
      70.000      21.000        .000        .581        .038
      59.000      20.000        .000        .144        .055
      78.000      20.000        .000       5.059        .016
      49.000      11.000        .000       6.533        .002
      51.000      18.000        .000       2.336       -.013
      60.000      29.000        .000       2.386       -.021
      71.000      29.000        .000       6.733       -.030
   estimate, variance         3.731858        6.160249
 Estimating node index :           9           1           1
    r( 1) = 3.6400  a=  9.0000  .9480 2.6746 3.9583 2.8355 1.6791 2.2686 2.5063 2.9854  .6602
    r( 2) = 1.9127  a=   .9480 9.0000 2.7929 1.2420  .0000 2.5755 1.7541 1.4403  .0352 2.9693
    r( 3) = 2.7161  a=  2.6746 2.7929 9.0000 3.9874  .6573 5.1026 4.6769 4.1871 1.2201 3.0094
    r( 4) = 2.5880  a=  3.9583 1.2420 3.9874 9.0000 1.8582 2.9527 4.2399 4.8610 2.8355 1.5086
    r( 5) = 1.3470  a=  2.8355  .0000  .6573 1.8582 9.0000  .2313  .6602  .9048 3.9583  .0000
    r( 6) = 1.6198  a=  1.6791 2.5755 5.1026 2.9527  .2313 9.0000 5.5758 4.4635  .7626 4.5322
    r( 7) = 1.7302  a=  2.2686 1.7541 4.6769 4.2399  .6602 5.5758 9.0000 7.4015 1.5086 2.8355
    r( 8) = 1.7428  a=  2.5063 1.4403 4.1871 4.8610  .9048 4.4635 7.4015 9.0000 1.8893 2.3710
    r( 9) = 1.2475  a=  2.9854  .0352 1.2201 2.8355 3.9583  .7626 1.5086 1.8893 9.0000  .0883
    r(10) =  .8711  a=   .6602 2.9693 3.0094 1.5086  .0000 4.5322 2.8355 2.3710  .0883 9.0000
        
 BLOCK:           9           1           1 at       80.100000    1.000000E-01
    0.000000E+00
        
   BLOCK EST: x,y,z,vr,wt 
      71.000       9.000        .000       4.458        .315
      91.000      11.000        .000       3.683        .135
      78.000      20.000        .000       5.059        .153
      70.000      21.000        .000        .581        .079
      60.000       8.000        .000       5.501        .035
      78.000      28.000        .000       7.816       -.005
      73.000      29.000        .000       6.494       -.006
      71.000      29.000        .000       6.733       -.014
      59.000      20.000        .000        .144       -.023
      84.000      30.000        .000       5.620       -.027
   estimate, variance         3.411459        7.023082
 Estimating node index :          10           1           1
    r( 1) = 3.9518  a=  9.0000 2.7929  .9480 1.4011 2.5755 1.2420 2.8039 2.9693 1.7541 1.4403
    r( 2) = 2.4942  a=  2.7929 9.0000 2.6746  .0765 5.1026 3.9874 1.6955 3.0094 4.6769 4.1871
    r( 3) = 1.5545  a=   .9480 2.6746 9.0000  .0000 1.6791 3.9583  .1023  .6602 2.2686 2.5063
    r( 4) =  .6074  a=  1.4011  .0765  .0000 9.0000  .1424  .0000 1.7541  .7284  .0000  .0000
    r( 5) = 1.7667  a=  2.5755 5.1026 1.6791  .1424 9.0000 2.9527 2.3710 4.5322 5.5758 4.4635
    r( 6) = 1.3688  a=  1.2420 3.9874 3.9583  .0000 2.9527 9.0000  .5029 1.5086 4.2399 4.8610
    r( 7) = 1.2532  a=  2.8039 1.6955  .1023 1.7541 2.3710  .5029 9.0000 4.4635 1.4011 1.0494
    r( 8) = 1.5864  a=  2.9693 3.0094  .6602  .7284 4.5322 1.5086 4.4635 9.0000 2.8355 2.3710
    r( 9) = 1.3422  a=  1.7541 4.6769 2.2686  .0000 5.5758 4.2399 1.4011 2.8355 9.0000 7.4015
    r(10) = 1.1630  a=  1.4403 4.1871 2.5063  .0000 4.4635 4.8610 1.0494 2.3710 7.4015 9.0000
        
 BLOCK:          10           1           1 at       90.100000    1.000000E-01
    0.000000E+00
        
   BLOCK EST: x,y,z,vr,wt 
      91.000      11.000        .000       3.683        .390
      78.000      20.000        .000       5.059        .137
      71.000       9.000        .000       4.458        .094
     109.000      11.000        .000       3.996        .007
      78.000      28.000        .000       7.816        .004
      70.000      21.000        .000        .581        .012
      91.000      29.000        .000        .916       -.010
      84.000      30.000        .000       5.620        .005
      73.000      29.000        .000       6.494       -.012
      71.000      29.000        .000       6.733       -.022
   estimate, variance         3.316213        6.989045
 Estimating node index :          11           1           1
    r( 1) = 3.5373  a=  9.0000 1.4011 2.8039 2.7929 2.9693 2.5755  .9480  .1023  .5322 1.2420
    r( 2) = 2.3052  a=  1.4011 9.0000 1.7541  .0765  .7284  .1424  .0000 2.2686 1.9651  .0000
    r( 3) = 1.7428  a=  2.8039 1.7541 9.0000 1.6955 4.4635 2.3710  .1023  .9480 2.2943  .5029
    r( 4) = 1.1064  a=  2.7929  .0765 1.6955 9.0000 3.0094 5.1026 2.6746  .0000  .0241 3.9874
    r( 5) = 1.3512  a=  2.9693  .7284 4.4635 3.0094 9.0000 4.5322  .6602  .1655 1.0665 1.5086
    r( 6) =  .9091  a=  2.5755  .1424 2.3710 5.1026 4.5322 9.0000 1.6791  .0000  .2215 2.9527
    r( 7) =  .1944  a=   .9480  .0000  .1023 2.6746  .6602 1.6791 9.0000  .0000  .0000 3.9583
    r( 8) =  .2230  a=   .1023 2.2686  .9480  .0000  .1655  .0000  .0000 9.0000 3.4555  .0000
    r( 9) =  .4197  a=   .5322 1.9651 2.2943  .0241 1.0665  .2215  .0000 3.4555 9.0000  .0000
    r(10) =  .2194  a=  1.2420  .0000  .5029 3.9874 1.5086 2.9527 3.9583  .0000  .0000 9.0000
        
 BLOCK:          11           1           1 at      100.100000    1.000000E-01
    0.000000E+00
        
   BLOCK EST: x,y,z,vr,wt 
      91.000      11.000        .000       3.683        .347
     109.000      11.000        .000       3.996        .203
      91.000      29.000        .000        .916        .056
      78.000      20.000        .000       5.059        .031
      84.000      30.000        .000       5.620        .001
      78.000      28.000        .000       7.816       -.023
      71.000       9.000        .000       4.458       -.008
     111.000      31.000        .000       1.766       -.028
     101.000      38.000        .000       7.305       -.021
      70.000      21.000        .000        .581       -.030
   estimate, variance         2.956248        7.215363
 Estimating node index :          12           1           1
    r( 1) = 4.2743  a=  9.0000 1.4011  .9785 2.2686 1.7541 1.9016 1.9651  .7284  .0765 1.3510
    r( 2) = 1.5929  a=  1.4011 9.0000  .0000  .1023 2.8039  .2772  .5322 2.9693 2.7929 1.0348
    r( 3) =  .5917  a=   .9785  .0000 9.0000 1.4878  .0000  .5034  .2648  .0000  .0000  .0000
    r( 4) = 1.0357  a=  2.2686  .1023 1.4878 9.0000  .9480 4.4250 3.4555  .1655  .0000 1.7842
    r( 5) = 1.1630  a=  1.7541 2.8039  .0000  .9480 9.0000 1.6955 2.2943 4.4635 1.6955 3.4817
    r( 6) =  .7537  a=  1.9016  .2772  .5034 4.4250 1.6955 9.0000 6.7233  .6269  .0000 3.0936
    r( 7) =  .8287  a=  1.9651  .5322  .2648 3.4555 2.2943 6.7233 9.0000 1.0665  .0241 4.1239
    r( 8) =  .4763  a=   .7284 2.9693  .0000  .1655 4.4635  .6269 1.0665 9.0000 3.0094 2.2737
    r( 9) =  .0925  a=   .0765 2.7929  .0000  .0000 1.6955  .0000  .0241 3.0094 9.0000  .4446
    r(10) =  .5416  a=  1.3510 1.0348  .0000 1.7842 3.4817 3.0936 4.1239 2.2737  .4446 9.0000
        
 BLOCK:          12           1           1 at      110.100000    1.000000E-01
    0.000000E+00
        
   BLOCK EST: x,y,z,vr,wt 
     109.000      11.000        .000       3.996        .457
      91.000      11.000        .000       3.683        .115
     130.000       9.000        .000       5.725        .016
     111.000      31.000        .000       1.766        .006
      91.000      29.000        .000        .916        .032
     104.000      38.000        .000       6.171       -.017
     101.000      38.000        .000       7.305        .001
      84.000      30.000        .000       5.620       -.022
      78.000      20.000        .000       5.059       -.027
      93.000      41.000        .000       3.955       -.022
   estimate, variance         2.995599        6.851197
 Estimating node index :          13           1           1
    r( 1) = 3.1645  a=  9.0000  .9785 2.2686 1.4011  .0235  .0000 1.9016 1.9651 1.7541 1.3510
    r( 2) = 2.3259  a=   .9785 9.0000 1.4878  .0000 2.1113 1.4552  .5034  .2648  .0000  .0000
    r( 3) = 1.5227  a=  2.2686 1.4878 9.0000  .1023 1.0494  .0000 4.4250 3.4555  .9480 1.7842
    r( 4) =  .2224  a=  1.4011  .0000  .1023 9.0000  .0000  .0000  .2772  .5322 2.8039 1.0348
    r( 5) =  .2230  a=   .0235 2.1113 1.0494  .0000 9.0000 1.7050  .3462  .1077  .0000  .0000
    r( 6) =  .0126  a=   .0000 1.4552  .0000  .0000 1.7050 9.0000  .0000  .0000  .0000  .0000
    r( 7) =  .7662  a=  1.9016  .5034 4.4250  .2772  .3462  .0000 9.0000 6.7233 1.6955 3.0936
    r( 8) =  .6475  a=  1.9651  .2648 3.4555  .5322  .1077  .0000 6.7233 9.0000 2.2943 4.1239
    r( 9) =  .2589  a=  1.7541  .0000  .9480 2.8039  .0000  .0000 1.6955 2.2943 9.0000 3.4817
    r(10) =  .1593  a=  1.3510  .0000 1.7842 1.0348  .0000  .0000 3.0936 4.1239 3.4817 9.0000
        
 BLOCK:          13           1           1 at      120.100000    1.000000E-01
    0.000000E+00
        
   BLOCK EST: x,y,z,vr,wt 
     109.000      11.000        .000       3.996        .324
     130.000       9.000        .000       5.725        .224
     111.000      31.000        .000       1.766        .069
      91.000      11.000        .000       3.683       -.016
     131.000      31.000        .000        .291       -.031
     148.000       8.000        .000       2.602       -.029
     104.000      38.000        .000       6.171       -.012
     101.000      38.000        .000       7.305       -.003
      91.000      29.000        .000        .916       -.023
      93.000      41.000        .000       3.955       -.029
   estimate, variance         3.537489        7.378949
 Estimating node index :          14           1           1
    r( 1) = 4.7864  a=  9.0000 1.4552  .9785 2.1113 1.4878  .1609  .5034  .2648  .0000  .3908
    r( 2) =  .9311  a=  1.4552 9.0000  .0000 1.7050  .0000 2.2505  .0000  .0000  .0000  .5688
    r( 3) = 1.2424  a=   .9785  .0000 9.0000  .0235 2.2686  .0000 1.9016 1.9651 1.4011  .0000
    r( 4) = 1.0357  a=  2.1113 1.7050  .0235 9.0000 1.0494 1.5066  .3462  .1077  .0000 3.0614
    r( 5) = 1.0529  a=  1.4878  .0000 2.2686 1.0494 9.0000  .0000 4.4250 3.4555  .1023  .2817
    r( 6) =  .0000  a=   .1609 2.2505  .0000 1.5066  .0000 9.0000  .0000  .0000  .0000 1.5755
    r( 7) =  .2777  a=   .5034  .0000 1.9016  .3462 4.4250  .0000 9.0000 6.7233  .2772  .0436
    r( 8) =  .1346  a=   .2648  .0000 1.9651  .1077 3.4555  .0000 6.7233 9.0000  .5322  .0000
    r( 9) =  .0000  a=   .0000  .0000 1.4011  .0000  .1023  .0000  .2772  .5322 9.0000  .0000
    r(10) =  .0164  a=   .3908  .5688  .0000 3.0614  .2817 1.5755  .0436  .0000  .0000 9.0000
        
 BLOCK:          14           1           1 at      130.100000    1.000000E-01
    0.000000E+00
        
   BLOCK EST: x,y,z,vr,wt 
     130.000       9.000        .000       5.725        .518
     148.000       8.000        .000       2.602        .025
     109.000      11.000        .000       3.996        .084
     131.000      31.000        .000        .291       -.005
     111.000      31.000        .000       1.766        .025
     149.000      29.000        .000       3.260       -.011
     104.000      38.000        .000       6.171       -.016
     101.000      38.000        .000       7.305       -.016
      91.000      11.000        .000       3.683       -.012
     130.000      48.000        .000        .752       -.019
   estimate, variance         4.084116        6.378345
 Estimating node index :          15           1           1
    r( 1) = 2.8689  a=  9.0000 1.4552 1.7050 2.2505 1.0494  .0000  .0000  .5688  .0005  .0000
    r( 2) = 3.4106  a=  1.4552 9.0000 2.1113  .1609  .0000  .9785 1.4878  .3908  .0000  .5034
    r( 3) = 1.5227  a=  1.7050 2.1113 9.0000 1.5066  .0000  .0235 1.0494 3.0614  .0000  .3462
    r( 4) =  .4951  a=  2.2505  .1609 1.5066 9.0000 1.5210  .0000  .0000 1.5755  .7411  .0000
    r( 5) =  .0126  a=  1.0494  .0000  .0000 1.5210 9.0000  .0000  .0000  .0000 2.0017  .0000
    r( 6) =  .0893  a=   .0000  .9785  .0235  .0000  .0000 9.0000 2.2686  .0000  .0000 1.9016
    r( 7) =  .2363  a=   .0000 1.4878 1.0494  .0000  .0000 2.2686 9.0000  .2817  .0000 4.4250
    r( 8) =  .1712  a=   .5688  .3908 3.0614 1.5755  .0000  .0000  .2817 9.0000  .0000  .0436
    r( 9) =  .0000  a=   .0005  .0000  .0000  .7411 2.0017  .0000  .0000  .0000 9.0000  .0000
    r(10) =  .0000  a=   .0000  .5034  .3462  .0000  .0000 1.9016 4.4250  .0436  .0000 9.0000
        
 BLOCK:          15           1           1 at      140.100000    1.000000E-01
    0.000000E+00
        
   BLOCK EST: x,y,z,vr,wt 
     148.000       8.000        .000       2.602        .264
     130.000       9.000        .000       5.725        .331
     131.000      31.000        .000        .291        .057
     149.000      29.000        .000       3.260       -.018
     168.000       8.000        .000       4.460       -.028
     109.000      11.000        .000       3.996       -.019
     111.000      31.000        .000       1.766       -.028
     130.000      48.000        .000        .752       -.028
     171.000      29.000        .000       1.899        .008
     104.000      38.000        .000       6.171       -.003
   estimate, variance         3.334978        7.048471
 Estimating node index :          16           1           1
    r( 1) = 5.3636  a=  9.0000 1.4552 1.0494 2.2505 1.7050  .0005  .1833  .0000  .5688  .0000
    r( 2) = 1.3732  a=  1.4552 9.0000  .0000  .1609 2.1113  .0000  .0000  .9785  .3908 1.4878
    r( 3) =  .9311  a=  1.0494  .0000 9.0000 1.5210  .0000 2.0017  .5108  .0000  .0000  .0000
    r( 4) = 1.4224  a=  2.2505  .1609 1.5210 9.0000 1.5066  .7411 2.3926  .0000 1.5755  .0000
    r( 5) = 1.0529  a=  1.7050 2.1113  .0000 1.5066 9.0000  .0000  .2385  .0235 3.0614 1.0494
    r( 6) =  .0000  a=   .0005  .0000 2.0017  .7411  .0000 9.0000 1.2601  .0000  .0000  .0000
    r( 7) =  .0048  a=   .1833  .0000  .5108 2.3926  .2385 1.2601 9.0000  .0000  .9994  .0000
    r( 8) =  .0000  a=   .0000  .9785  .0000  .0000  .0235  .0000  .0000 9.0000  .0000 2.2686
    r( 9) =  .1497  a=   .5688  .3908  .0000 1.5755 3.0614  .0000  .9994  .0000 9.0000  .2817
    r(10) =  .0000  a=   .0000 1.4878  .0000  .0000 1.0494  .0000  .0000 2.2686  .2817 9.0000
        
 BLOCK:          16           1           1 at      150.100000    1.000000E-01
    0.000000E+00
        
   BLOCK EST: x,y,z,vr,wt 
     148.000       8.000        .000       2.602        .580
     130.000       9.000        .000       5.725        .061
     168.000       8.000        .000       4.460        .036
     149.000      29.000        .000       3.260        .014
     131.000      31.000        .000        .291        .000
     171.000      29.000        .000       1.899       -.007
     150.000      49.000        .000       3.327       -.013
     109.000      11.000        .000       3.996       -.005
     130.000      48.000        .000        .752       -.023
     111.000      31.000        .000       1.766       -.008
   estimate, variance         2.800104        5.754579
 Estimating node index :          17           1           1
    r( 1) = 2.8689  a=  9.0000 1.0494 1.5210 2.0017  .0000  .6103  .0000  .5108  .0046  .2238
    r( 2) = 2.9806  a=  1.0494 9.0000 2.2505  .0005 1.4552  .0000 1.7050  .1833  .0000  .0000
    r( 3) = 1.7061  a=  1.5210 2.2505 9.0000  .7411  .1609  .0000 1.5066 2.3926  .0000  .1023
    r( 4) =  .3306  a=  2.0017  .0005  .7411 9.0000  .0000 1.5963  .0000 1.2601 1.0978 2.6935
    r( 5) =  .1253  a=   .0000 1.4552  .1609  .0000 9.0000  .0000 2.1113  .0000  .0000  .0000
    r( 6) =  .0000  a=   .6103  .0000  .0000 1.5963  .0000 9.0000  .0000  .0000 2.8356  .5487
    r( 7) =  .2363  a=   .0000 1.7050 1.5066  .0000 2.1113  .0000 9.0000  .2385  .0000  .0000
    r( 8) =  .1299  a=   .5108  .1833 2.3926 1.2601  .0000  .0000  .2385 9.0000  .0000 1.2201
    r( 9) =  .0000  a=   .0046  .0000  .0000 1.0978  .0000 2.8356  .0000  .0000 9.0000 1.1041
    r(10) =  .0000  a=   .2238  .0000  .1023 2.6935  .0000  .5487  .0000 1.2201 1.1041 9.0000
        
 BLOCK:          17           1           1 at      160.100000    1.000000E-01
    0.000000E+00
        
   BLOCK EST: x,y,z,vr,wt 
     168.000       8.000        .000       4.460        .279
     148.000       8.000        .000       2.602        .289
     149.000      29.000        .000       3.260        .086
     171.000      29.000        .000       1.899       -.028
     130.000       9.000        .000       5.725       -.026
     190.000      11.000        .000       3.485       -.017
     131.000      31.000        .000        .291       -.036
     150.000      49.000        .000       3.327       -.026
     191.000      28.000        .000       2.224        .008
     169.000      49.000        .000       2.804        .004
   estimate, variance         3.024200        7.216130
 Estimating node index :          18           1           1
    r( 1) = 5.3636  a=  9.0000 1.0494  .6103 2.0017 1.5210  .0046  .0000  .2238  .5108  .0000
    r( 2) = 1.0102  a=  1.0494 9.0000  .0000  .0005 2.2505  .0000 1.4552  .0000  .1833 1.7050
    r( 3) =  .4871  a=   .6103  .0000 9.0000 1.5963  .0000 2.8356  .0000  .5487  .0000  .0000
    r( 4) = 1.2532  a=  2.0017  .0005 1.5963 9.0000  .7411 1.0978  .0000 2.6935 1.2601  .0000
    r( 5) =  .9709  a=  1.5210 2.2505  .0000  .7411 9.0000  .0000  .1609  .1023 2.3926 1.5066
    r( 6) =  .0000  a=   .0046  .0000 2.8356 1.0978  .0000 9.0000  .0000 1.1041  .0000  .0000
    r( 7) =  .0000  a=   .0000 1.4552  .0000  .0000  .1609  .0000 9.0000  .0000  .0000 2.1113
    r( 8) =  .0124  a=   .2238  .0000  .5487 2.6935  .1023 1.1041  .0000 9.0000 1.2201  .0000
    r( 9) =  .1180  a=   .5108  .1833  .0000 1.2601 2.3926  .0000  .0000 1.2201 9.0000  .2385
    r(10) =  .0000  a=   .0000 1.7050  .0000  .0000 1.5066  .0000 2.1113  .0000  .2385 9.0000
        
 BLOCK:          18           1           1 at      170.100000    1.000000E-01
    0.000000E+00
        
   BLOCK EST: x,y,z,vr,wt 
     168.000       8.000        .000       4.460        .588
     148.000       8.000        .000       2.602        .046
     190.000      11.000        .000       3.485        .014
     171.000      29.000        .000       1.899        .014
     149.000      29.000        .000       3.260        .003
     191.000      28.000        .000       2.224       -.005
     130.000       9.000        .000       5.725       -.006
     169.000      49.000        .000       2.804       -.015
     150.000      49.000        .000       3.327       -.022
     131.000      31.000        .000        .291       -.007
   estimate, variance         3.563871        5.777365
 Estimating node index :          19           1           1
    r( 1) = 2.9806  a=  9.0000  .6103 2.0017  .0046 1.0494  .0000 1.5210  .0000  .2238  .0000
    r( 2) = 2.1071  a=   .6103 9.0000 1.5963 2.8356  .0000  .8896  .0000  .2716  .5487  .1761
    r( 3) = 1.7428  a=  2.0017 1.5963 9.0000 1.0978  .0005  .0000  .7411  .0000 2.6935  .0000
    r( 4) =  .3912  a=   .0046 2.8356 1.0978 9.0000  .0000 1.4521  .0000  .7262 1.1041  .4978
    r( 5) =  .0250  a=  1.0494  .0000  .0005  .0000 9.0000  .0000 2.2505  .0000  .0000  .0000
    r( 6) =  .0000  a=   .0000  .8896  .0000 1.4521  .0000 9.0000  .0000 5.4518  .0000 4.5919
    r( 7) =  .1358  a=  1.5210  .0000  .7411  .0000 2.2505  .0000 9.0000  .0000  .1023  .0000
    r( 8) =  .0000  a=   .0000  .2716  .0000  .7262  .0000 5.4518  .0000 9.0000  .0000 7.1647
    r( 9) =  .1392  a=   .2238  .5487 2.6935 1.1041  .0000  .0000  .1023  .0000 9.0000  .0000
    r(10) =  .0000  a=   .0000  .1761  .0000  .4978  .0000 4.5919  .0000 7.1647  .0000 9.0000
        
 BLOCK:          19           1           1 at      180.100000    1.000000E-01
    0.000000E+00
        
   BLOCK EST: x,y,z,vr,wt 
     168.000       8.000        .000       4.460        .304
     190.000      11.000        .000       3.485        .208
     171.000      29.000        .000       1.899        .106
     191.000      28.000        .000       2.224       -.028
     148.000       8.000        .000       2.602       -.023
     211.000      11.000        .000       3.581       -.022
     149.000      29.000        .000       3.260       -.039
     216.000      11.000        .000       6.602        .006
     169.000      49.000        .000       2.804       -.032
     218.000       8.000        .000       7.371        .003
   estimate, variance         3.119225        7.494876
 Estimating node index :          20           1           1
    r( 1) = 4.1343  a=  9.0000  .6103 2.8356  .8896 1.5963  .2716  .1761  .2066  .1981  .0180
    r( 2) = 1.0102  a=   .6103 9.0000  .0046  .0000 2.0017  .0000  .0000  .0000  .0000  .0000
    r( 3) = 1.3682  a=  2.8356  .0046 9.0000 1.4521 1.0978  .7262  .4978  .8991 1.2860  .4045
    r( 4) =  .3786  a=   .8896  .0000 1.4521 9.0000  .0000 5.4518 4.5919 4.2399 2.8426 3.1905
    r( 5) = 1.1630  a=  1.5963 2.0017 1.0978  .0000 9.0000  .0000  .0000  .0000  .0000  .0000
    r( 6) =  .0342  a=   .2716  .0000  .7262 5.4518  .0000 9.0000 7.1647 5.3266 2.9693 4.9150
    r( 7) =  .0126  a=   .1761  .0000  .4978 4.5919  .0000 7.1647 9.0000 4.3193 2.5336 4.3924
    r( 8) =  .0015  a=   .2066  .0000  .8991 4.2399  .0000 5.3266 4.3193 9.0000 4.2270 6.1931
    r( 9) =  .0000  a=   .1981  .0000 1.2860 2.8426  .0000 2.9693 2.5336 4.2270 9.0000 3.4910
    r(10) =  .0000  a=   .0180  .0000  .4045 3.1905  .0000 4.9150 4.3924 6.1931 3.4910 9.0000
        
 BLOCK:          20           1           1 at      190.100000    1.000000E-01
    0.000000E+00
        
   BLOCK EST: x,y,z,vr,wt 
     190.000      11.000        .000       3.485        .446
     168.000       8.000        .000       4.460        .075
     191.000      28.000        .000       2.224        .009
     211.000      11.000        .000       3.581        .008
     171.000      29.000        .000       1.899        .032
     216.000      11.000        .000       6.602       -.012
     218.000       8.000        .000       7.371       -.001
     214.000      19.000        .000       2.425       -.014
     209.000      30.000        .000       4.733       -.009
     218.000      18.000        .000       7.974        .016
   estimate, variance         2.997735        7.028761
 Estimating node index :          21           1           1
    r( 1) = 3.3556  a=  9.0000  .8896  .2716  .1761  .2066 2.8356  .0180  .0000  .1981  .6103
    r( 2) = 1.9127  a=   .8896 9.0000 5.4518 4.5919 4.2399 1.4521 3.1905 2.8003 2.8426  .0000
    r( 3) = 1.0326  a=   .2716 5.4518 9.0000 7.1647 5.3266  .7262 4.9150 4.5455 2.9693  .0000
    r( 4) =  .9311  a=   .1761 4.5919 7.1647 9.0000 4.3193  .4978 4.3924 5.2782 2.5336  .0000
    r( 5) =  .7088  a=   .2066 4.2399 5.3266 4.3193 9.0000  .8991 6.1931 3.6055 4.2270  .0000
    r( 6) = 1.8552  a=  2.8356 1.4521  .7262  .4978  .8991 9.0000  .4045  .0947 1.2860  .0046
    r( 7) =  .3370  a=   .0180 3.1905 4.9150 4.3924 6.1931  .4045 9.0000 4.6769 3.4910  .0000
    r( 8) =  .2684  a=   .0000 2.8003 4.5455 5.2782 3.6055  .0947 4.6769 9.0000 2.1926  .0000
    r( 9) =  .4257  a=   .1981 2.8426 2.9693 2.5336 4.2270 1.2860 3.4910 2.1926 9.0000  .0000
    r(10) =  .0250  a=   .6103  .0000  .0000  .0000  .0000  .0046  .0000  .0000  .0000 9.0000
        
 BLOCK:          21           1           1 at      200.100000    1.000000E-01
    0.000000E+00
        
   BLOCK EST: x,y,z,vr,wt 
     190.000      11.000        .000       3.485        .333
     211.000      11.000        .000       3.581        .172
     216.000      11.000        .000       6.602       -.009
     218.000       8.000        .000       7.371        .046
     214.000      19.000        .000       2.425        .004
     191.000      28.000        .000       2.224        .075
     218.000      18.000        .000       7.974       -.024
     223.000       9.000        .000       6.132       -.031
     209.000      30.000        .000       4.733       -.020
     168.000       8.000        .000       4.460       -.020
   estimate, variance         2.756237        7.402030
 Estimating node index :          22           1           1
    r( 1) = 3.9518  a=  9.0000 4.5919 5.4518 2.8003 4.2399 3.1905  .8896 1.5941 1.0978 2.8426
    r( 2) = 2.8689  a=  4.5919 9.0000 7.1647 5.2782 4.3193 4.3924  .1761 2.6746 2.2964 2.5336
    r( 3) = 2.9087  a=  5.4518 7.1647 9.0000 4.5455 5.3266 4.9150  .2716 2.6169 2.0617 2.9693
    r( 4) = 1.7238  a=  2.8003 5.2782 4.5455 9.0000 3.6055 4.6769  .0000 3.9513 3.7603 2.1926
    r( 5) = 2.1586  a=  4.2399 4.3193 5.3266 3.6055 9.0000 6.1931  .2066 2.9103 1.9610 4.2270
    r( 6) = 1.6670  a=  3.1905 4.3924 4.9150 4.6769 6.1931 9.0000  .0180 4.2090 2.7838 3.4910
    r( 7) = 1.4140  a=   .8896  .1761  .2716  .0000  .2066  .0180 9.0000  .0000  .0000  .1981
    r( 8) =  .5899  a=  1.5941 2.6746 2.6169 3.9513 2.9103 4.2090  .0000 9.0000 4.4475 2.1853
    r( 9) =  .4244  a=  1.0978 2.2964 2.0617 3.7603 1.9610 2.7838  .0000 4.4475 9.0000 1.1191
    r(10) = 1.3057  a=  2.8426 2.5336 2.9693 2.1926 4.2270 3.4910  .1981 2.1853 1.1191 9.0000
        
 BLOCK:          22           1           1 at      210.100000    1.000000E-01
    0.000000E+00
        
   BLOCK EST: x,y,z,vr,wt 
     211.000      11.000        .000       3.581        .360
     218.000       8.000        .000       7.371        .140
     216.000      11.000        .000       6.602       -.016
     223.000       9.000        .000       6.132        .027
     214.000      19.000        .000       2.425        .023
     218.000      18.000        .000       7.974       -.003
     190.000      11.000        .000       3.485        .119
     225.000      19.000        .000       8.322       -.039
     231.000      10.000        .000       6.176       -.024
     209.000      30.000        .000       4.733       -.009
   estimate, variance         3.284456        7.007044
 Estimating node index :          23           1           1
    r( 1) = 5.3636  a=  9.0000 5.2782 7.1647 4.5919 4.3924 2.2964 4.3193 2.6746 1.3446 1.8832
